iteration	time	nReplicationsDone	ConcentrationEnzyme_MethCleaner	ConcentrationEnzyme_AcetFiller	ConcentrationEnzyme_AcetCleaner	ConcentrationEnzyme_AcetGapperInMeth	ConcentrationEnzyme_MethExtendToAcet	ConcentrationEnzyme_AcetExtendToMeth	ConcentrationEnzyme_MethCreatorNN	ConcentrationEnzyme_AcetEliminator	ConcentrationEnzyme_MethGapperInAcet	ConcentrationEnzyme_AcetCreatorNN	ConcentrationEnzyme_MethExtender2	ConcentrationEnzyme_AcetFillerNN	ConcentrationEnzyme_MethExtender	ConcentrationEnzyme_MethReduceToAcet	ConcentrationEnzyme_MethFiller	ConcentrationEnzyme_AcetExtender	ConcentrationEnzyme_AcetCreator	ConcentrationEnzyme_MethFillerNN	ConcentrationEnzyme_AcetReduceToMeth	ConcentrationEnzyme_MethCreator	ConcentrationEnzyme_MethEliminator	ConcentrationEnzyme_AcetExtender2	MethCleaner_boundPos	AcetFiller_boundPos	AcetCleaner_boundPos	AcetGapperInMeth_boundPos	MethExtendToAcet_boundPos	AcetExtendToMeth_boundPos	MethCreatorNN_boundPos	AcetEliminator_boundPos	MethGapperInAcet_boundPos	AcetCreatorNN_boundPos	MethExtender2_boundPos	AcetFillerNN_boundPos	MethExtender_boundPos	MethReduceToAcet_boundPos	MethFiller_boundPos	AcetExtender_boundPos	AcetCreator_boundPos	MethFillerNN_boundPos	AcetReduceToMeth_boundPos	MethCreator_boundPos	MethEliminator_boundPos	AcetExtender2_boundPos	phase
	0	0.000000	0	1	2	1	1	6	1	1	1	1	1	1	2	1	1	1	1	1	1	1	1	1	1																							0
	1	0.017234	0	1	2	1	1	6	1	1	1	1	1	1	2	1	0	1	1	1	1	1	1	1	1														23									0
	2	0.242048	0	1	2	1	1	6	1	1	1	1	1	1	2	1	1	1	1	1	1	1	1	1	1																							0
	3	0.425203	0	1	2	1	1	6	1	1	1	1	1	0	2	1	1	1	1	1	1	1	1	1	1											23												0
	4	0.429195	0	1	2	1	1	6	1	1	1	1	1	0	2	1	0	1	1	1	1	1	1	1	1											23			39									0
	5	0.458396	0	1	2	1	1	6	1	1	1	1	1	0	2	1	1	1	1	1	1	1	1	1	1											23												0
	6	0.559398	0	1	2	1	1	6	1	1	1	1	1	0	2	1	1	1	1	1	1	1	1	1	0											23											39	0
	7	0.753983	0	1	2	1	1	6	1	1	1	1	1	0	2	1	1	1	1	1	1	1	1	1	1											23												0
	8	0.845465	0	1	2	1	1	6	1	1	1	1	1	0	2	1	0	1	1	1	1	1	1	1	1											23			7									0
	9	0.867437	0	1	2	1	1	6	1	1	1	1	1	0	2	1	0	1	1	1	1	0	1	1	1											23			7					31				0
	10	1.049586	0	1	2	1	1	6	1	1	1	1	1	1	2	1	0	1	1	1	1	0	1	1	1														7					31				0
	11	1.106578	0	1	2	1	1	6	1	1	1	1	1	1	2	1	0	1	1	1	1	1	1	1	1														7									0
	12	1.199277	0	1	2	1	1	6	1	1	1	1	1	0	2	1	0	1	1	1	1	1	1	1	1											31			7									0
	13	1.238943	0	1	2	1	1	6	1	1	1	1	1	0	2	1	1	1	1	1	1	1	1	1	1											31												0
	14	1.308745	0	1	2	1	1	6	1	1	1	1	1	0	2	1	1	1	1	1	1	1	1	1	0											31											7	0
	15	1.363532	0	1	2	1	1	6	1	1	1	1	1	0	2	1	1	1	1	1	1	1	1	1	1											31												0
	16	1.383459	0	1	2	1	1	6	1	1	1	1	1	1	2	1	1	1	1	1	1	1	1	1	1																							0
	17	1.800051	0	1	2	1	1	6	1	1	1	1	1	1	2	1	1	1	1	1	1	0	1	1	1																			47				0
	18	1.938274	0	1	2	1	1	6	1	1	1	1	1	1	2	1	1	1	1	1	1	1	1	1	1																							0
	19	2.334954	0	1	2	1	1	5	1	1	1	1	1	1	2	1	1	1	1	1	1	1	1	1	1					47																		0
	20	2.335739	0	1	2	1	1	6	1	1	1	1	1	1	2	1	1	1	1	1	1	1	1	1	1																							0
	21	2.382008	0	1	2	1	1	6	1	1	1	1	1	1	2	1	0	1	1	1	1	1	1	1	1														31									0
	22	2.387992	0	1	2	1	1	6	1	1	1	1	1	1	2	1	1	1	1	1	1	1	1	1	1																							0
	23	2.427744	0	1	2	1	1	5	1	1	1	1	1	1	2	1	1	1	1	1	1	1	1	1	1					31																		0
	24	2.712563	0	1	2	1	1	5	1	1	1	1	1	1	2	1	0	1	1	1	1	1	1	1	1					31									16									0
	25	2.842165	0	1	2	1	1	6	1	1	1	1	1	1	2	1	0	1	1	1	1	1	1	1	1														16									0
	26	3.082126	0	1	2	1	1	6	1	1	1	1	1	1	2	1	0	1	1	1	1	0	1	1	1														16					30				0
	27	3.127915	0	1	2	1	1	6	1	1	1	1	1	1	2	1	0	1	1	1	1	1	1	1	1														16									0
	28	3.133013	0	1	2	1	1	6	1	1	1	1	1	0	2	1	0	1	1	1	1	1	1	1	1											30			16									0
	29	3.182123	0	1	2	1	1	6	1	1	1	1	1	1	2	1	0	1	1	1	1	1	1	1	1														16									0
	30	3.392809	0	1	2	1	1	6	1	1	1	1	1	1	2	1	1	1	1	1	1	1	1	1	1																							0
	31	3.394951	0	1	2	1	1	5	1	1	1	1	1	1	2	1	1	1	1	1	1	1	1	1	1					16																		0
	32	3.443300	0	1	2	1	1	6	1	1	1	1	1	1	2	1	1	1	1	1	1	1	1	1	1																							0
	33	3.663676	0	1	2	1	1	6	1	1	1	1	1	1	2	1	0	1	1	1	1	1	1	1	1														30									0
	34	3.729565	0	1	2	1	1	6	1	1	1	1	1	1	2	1	0	1	1	1	1	0	1	1	1														30					15				0
	35	3.746782	0	1	2	1	1	6	1	1	1	1	1	1	2	1	0	1	1	1	1	1	1	1	1														30									0
	36	3.784180	0	1	2	1	1	6	1	1	1	1	1	1	2	1	0	1	1	1	1	1	1	1	0														30								15	0
	37	3.837057	0	1	2	1	1	6	1	1	1	1	1	1	2	1	0	1	1	1	1	0	1	1	0														30					46			15	0
	38	3.850752	0	1	2	1	1	6	1	1	1	1	1	1	2	1	1	1	1	1	1	0	1	1	0																			46			15	0
	39	3.870890	0	1	2	1	1	6	1	1	1	1	1	1	2	1	1	1	1	1	1	1	1	1	0																						15	0
	40	3.878093	0	1	2	1	1	6	1	1	1	1	1	0	2	1	1	1	1	1	1	1	1	1	0											46											15	0
	41	3.918898	0	1	2	1	1	6	1	1	1	1	1	0	2	1	1	1	1	1	1	1	1	1	1											46												0
	42	4.035057	0	1	2	1	1	6	1	1	1	1	1	0	2	1	1	1	1	1	1	1	1	1	0											46											30	0
	43	4.066312	0	1	2	1	1	6	1	1	1	1	1	1	2	1	1	1	1	1	1	1	1	1	0																						30	0
	44	4.265862	0	1	2	1	1	6	1	1	1	1	1	1	2	1	1	1	1	1	1	1	1	1	1																							0
	45	4.341992	0	1	2	1	1	6	1	1	1	1	1	1	2	1	1	1	1	1	1	0	1	1	1																			45				0
	46	4.368565	0	1	2	1	1	6	1	1	1	1	1	1	2	1	1	1	1	1	1	1	1	1	1																							0
	47	4.373549	0	1	2	1	1	5	1	1	1	1	1	1	2	1	1	1	1	1	1	1	1	1	1					45																		0
	48	4.467093	0	1	2	1	1	6	1	1	1	1	1	1	2	1	1	1	1	1	1	1	1	1	1																							0
	49	4.520410	0	1	2	1	1	6	1	1	1	1	1	1	2	1	1	1	1	1	1	0	1	1	1																			44				0
	50	4.537171	0	1	2	1	1	6	1	1	1	1	1	1	2	1	0	1	1	1	1	0	1	1	1														16					44				0
	51	4.746421	0	1	2	1	1	6	1	1	1	1	1	1	2	1	0	1	1	1	1	1	1	1	1														16									0
	52	4.750877	0	1	2	1	1	5	1	1	1	1	1	1	2	1	0	1	1	1	1	1	1	1	1					44									16									0
	53	4.854874	0	1	2	1	1	6	1	1	1	1	1	1	2	1	0	1	1	1	1	1	1	1	1														16									0
	55	5.000000	1	1	2	1	1	6	1	1	1	1	1	1	2	1	1	1	1	1	1	1	1	1	1																							0
	56	5.001095	1	1	2	1	1	6	1	1	1	1	1	1	2	1	1	1	1	1	1	1	1	1	0																						40	0
	57	5.014753	1	1	2	1	1	5	1	1	1	1	1	1	2	1	1	1	1	1	1	1	1	1	0					30																	40	0
	58	5.019298	1	1	2	1	1	5	1	0	1	1	1	1	2	1	1	1	1	1	1	1	1	1	0					30		18															40	0
	59	5.023882	1	1	2	1	1	5	1	0	1	1	1	1	2	0	1	1	1	1	1	1	1	1	0					30		18						22									40	0
	60	5.032383	1	1	1	1	1	5	1	0	1	1	1	1	2	0	1	1	1	1	1	1	1	1	0		11			30		18						22									40	0
	61	5.038138	1	1	1	1	1	5	1	0	1	1	1	1	1	0	1	1	1	1	1	1	1	1	0		11			30		18					8	22									40	0
	62	5.040900	1	1	1	1	1	5	1	0	1	1	1	1	1	0	0	1	1	1	1	1	1	1	0		11			30		18					8	22	6								40	0
	63	5.046500	1	1	1	1	1	5	1	0	1	1	1	1	1	0	0	1	0	1	1	1	1	1	0		11			30		18					8	22	6		44						40	0
	64	5.047250	1	1	1	1	1	5	1	0	1	1	1	1	2	0	0	1	0	1	1	1	1	1	0		11			30		18						22	6		44						40	0
	65	5.050312	1	1	1	1	1	5	1	0	1	1	1	1	1	0	0	1	0	1	1	1	1	1	0		11			30		18					14	22	6		44						40	0
	66	5.053185	1	1	0	1	1	5	1	0	1	1	1	1	1	0	0	1	0	1	1	1	1	1	0		11,42			30		18					14	22	6		44						40	0
	67	5.057261	1	1	0	1	1	5	1	0	1	1	1	1	1	1	0	1	0	1	1	1	1	1	0		11,42			30		18					14		6		44						40	0
	68	5.077353	1	1	1	1	1	5	1	0	1	1	1	1	1	1	0	1	0	1	1	1	1	1	0		42			30		18					14		6		44						40	0
	69	5.095516	1	1	1	1	1	5	1	0	1	1	1	0	1	1	0	1	0	1	1	1	1	1	0		42			30		18				19	14		6		44						40	0
	70	5.104551	1	1	1	1	1	5	1	0	1	1	1	0	1	1	1	1	0	1	1	1	1	1	0		42			30		18				19	14				44						40	0
	71	5.142671	1	1	1	1	1	5	1	0	1	1	1	0	1	0	1	1	0	1	1	1	1	1	0		42			30		18				19	14	23			44						40	0
	72	5.152113	1	1	1	1	1	4	1	0	1	1	1	0	1	0	1	1	0	1	1	1	1	1	0		42			6,30		18				19	14	23			44						40	0
	73	5.221054	1	1	1	1	1	4	1	0	1	1	1	0	1	0	1	0	0	1	1	1	1	1	0		42			6,30		18				19	14	23		1	44						40	0
	74	5.243333	1	1	1	1	1	4	1	0	1	1	1	0	2	0	1	0	0	1	1	1	1	1	0		42			6,30		18				19		23		1	44						40	0
	75	5.254975	1	1	1	1	1	5	1	0	1	1	1	0	2	0	1	0	0	1	1	1	1	1	0		42			6		18				19		23		1	44						40	0
	76	5.257910	1	1	1	1	1	5	1	0	1	1	1	0	2	1	1	0	0	1	1	1	1	1	0		42			6		18				19				1	44						40	0
	77	5.286872	1	1	1	1	1	5	1	0	1	1	1	0	2	1	1	0	0	1	1	1	1	1	1		42			6		18				19				1	44							0
	78	5.294218	1	1	1	1	1	5	1	0	1	1	1	0	2	1	1	1	0	1	1	1	1	1	1		42			6		18				19					44							0
	79	5.301818	1	1	1	1	1	5	1	0	1	1	1	0	2	1	1	1	1	1	1	1	1	1	1		42			6		18				19												0
	80	5.339049	1	1	1	1	1	5	1	0	1	1	1	0	2	1	1	1	1	1	0	1	1	1	1		42			6		18				19							37					0
	81	5.362679	1	1	1	1	1	5	1	1	1	1	1	0	2	1	1	1	1	1	0	1	1	1	1		42			6						19							37					0
	82	5.370133	1	1	1	1	1	5	1	1	1	1	1	0	2	1	1	1	1	1	0	1	1	1	0		42			6						19							37				24	0
	83	5.375885	1	1	1	1	1	5	1	1	1	1	1	0	2	1	1	1	1	1	0	1	1	1	1		42			6						19							37					0
	84	5.385139	1	1	1	1	1	5	1	1	1	1	1	0	2	1	1	1	1	1	0	1	1	1	0		42			6						19							37				39	0
	85	5.451222	1	1	1	1	1	5	1	1	1	1	1	0	2	1	1	1	1	1	0	1	1	1	1		42			6						19							37					0
	86	5.452502	1	1	1	1	1	6	1	1	1	1	1	0	2	1	1	1	1	1	0	1	1	1	1		42									19							37					0
	87	5.466829	1	1	0	1	1	6	1	1	1	1	1	0	2	1	1	1	1	1	0	1	1	1	1		28,42									19							37					0
	88	5.475097	1	1	0	1	1	6	1	1	1	1	1	0	2	0	1	1	1	1	0	1	1	1	1		28,42									19		33					37					0
	89	5.484496	1	1	0	1	1	6	1	1	1	1	1	0	2	0	1	1	1	1	1	1	1	1	1		28,42									19		33										0
	90	5.538728	1	1	0	1	1	6	1	1	1	1	1	0	2	0	1	1	1	1	1	0	1	1	1		28,42									19		33						7				0
	91	5.551363	1	1	0	1	1	6	1	1	1	1	1	0	2	1	1	1	1	1	1	0	1	1	1		28,42									19								7				0
	92	5.588013	1	1	0	1	1	6	1	1	1	1	1	0	2	1	1	0	1	1	1	0	1	1	1		28,42									19				17				7				0
	93	5.612984	1	1	1	1	1	6	1	1	1	1	1	0	2	1	1	0	1	1	1	0	1	1	1		42									19				17				7				0
	94	5.646330	1	1	2	1	1	6	1	1	1	1	1	0	2	1	1	0	1	1	1	0	1	1	1											19				17				7				0
	95	5.766796	1	1	2	1	1	6	1	1	1	1	1	0	2	1	1	1	1	1	1	0	1	1	1											19								7				0
	96	5.840080	1	1	2	1	1	6	1	1	1	1	1	0	2	1	1	1	0	1	1	0	1	1	1											19					45			7				0
	97	5.942339	1	1	2	1	1	6	1	1	1	1	1	0	2	1	1	1	1	1	1	0	1	1	1											19								7				0
	98	6.005916	1	1	2	1	1	6	1	1	1	1	1	0	2	1	1	1	1	1	1	1	1	1	1											19												0
	99	6.047209	1	1	2	1	1	5	1	1	1	1	1	0	2	1	1	1	1	1	1	1	1	1	1					46						19												0
	100	6.123202	1	1	2	1	1	5	1	1	1	1	1	1	2	1	1	1	1	1	1	1	1	1	1					46																		0
	101	6.129471	1	1	2	1	1	6	1	1	1	1	1	1	2	1	1	1	1	1	1	1	1	1	1																							0
	102	6.159137	1	1	2	1	1	6	1	1	1	1	1	1	2	1	1	1	1	1	1	0	1	1	1																			39				0
	103	6.188769	1	1	2	1	1	5	1	1	1	1	1	1	2	1	1	1	1	1	1	0	1	1	1					7														39				0
	104	6.195871	1	1	2	1	1	6	1	1	1	1	1	1	2	1	1	1	1	1	1	0	1	1	1																			39				0
	105	6.253910	1	1	2	1	1	6	1	1	1	1	1	1	2	1	1	0	1	1	1	0	1	1	1															34				39				0
	106	6.302106	1	1	2	1	1	6	1	1	1	1	1	1	2	1	1	0	1	1	1	1	1	1	1															34								0
	107	6.323684	1	1	2	1	1	6	1	1	1	1	1	1	2	1	1	1	1	1	1	1	1	1	1																							0
	108	6.330066	1	1	2	1	1	5	1	1	1	1	1	1	2	1	1	1	1	1	1	1	1	1	1					39																		0
	109	6.420705	1	1	2	1	1	5	1	1	1	1	1	1	2	1	1	1	1	1	1	0	1	1	1					39														8				0
	110	6.577407	1	1	2	1	1	5	1	1	1	1	1	1	2	1	1	1	1	1	1	1	1	1	1					39																		0
	111	6.645530	1	1	2	1	1	5	1	1	1	1	1	0	2	1	1	1	1	1	1	1	1	1	1					39						8												0
	112	6.785991	1	1	2	1	1	5	1	1	1	1	1	1	2	1	1	1	1	1	1	1	1	1	1					39																		0
	113	6.885240	1	1	2	1	1	5	1	1	1	1	1	1	2	1	1	1	1	1	1	0	1	1	1					39														24				0
	114	7.115432	1	1	2	1	1	6	1	1	1	1	1	1	2	1	1	1	1	1	1	0	1	1	1																			24				0
	115	7.173134	1	1	2	1	1	6	1	1	1	1	1	1	2	1	0	1	1	1	1	0	1	1	1														16					24				0
	116	7.191468	1	1	2	1	1	6	1	1	1	1	1	1	2	1	1	1	1	1	1	0	1	1	1																			24				0
	117	7.193200	1	1	2	1	1	6	1	1	1	1	1	1	2	1	1	1	1	1	1	1	1	1	1																							0
	118	7.220992	1	1	2	1	1	6	1	1	1	1	1	1	2	1	1	1	1	1	1	1	1	1	0																						16	0
	119	7.308019	1	1	2	1	1	6	1	1	1	1	1	0	2	1	1	1	1	1	1	1	1	1	0											24											16	0
	120	7.403327	1	1	2	1	1	6	1	1	1	1	1	0	2	1	1	1	1	1	1	1	1	1	1											24												0
	121	7.559571	1	1	2	1	1	6	1	1	1	1	1	1	2	1	1	1	1	1	1	1	1	1	1																							0
	122	7.685270	1	1	2	1	1	6	1	1	1	1	1	1	2	1	1	1	1	1	1	0	1	1	1																			16				0
	123	7.908769	1	1	2	1	1	6	1	1	1	1	1	1	2	1	1	1	1	1	1	1	1	1	1																							0
	124	8.128529	1	1	2	1	1	6	1	1	1	1	1	0	2	1	1	1	1	1	1	1	1	1	1											16												0
	125	8.150199	1	1	2	1	1	6	1	1	1	1	1	0	2	1	0	1	1	1	1	1	1	1	1											16			46									0
	126	8.219804	1	1	2	1	1	6	1	1	1	1	1	1	2	1	0	1	1	1	1	1	1	1	1														46									0
	127	8.357697	1	1	2	1	1	6	1	1	1	1	1	1	2	1	0	1	1	1	1	0	1	1	1														46					29				0
	128	8.386355	1	1	2	1	1	6	1	1	1	1	1	1	2	1	0	1	1	1	1	1	1	1	1														46									0
	129	8.398293	1	1	2	1	1	6	1	1	1	1	1	1	2	1	1	1	1	1	1	1	1	1	1																							0
	130	8.418149	1	1	2	1	1	6	1	1	1	1	1	0	2	1	1	1	1	1	1	1	1	1	1											29												0
	131	8.445265	1	1	2	1	1	6	1	1	1	1	1	1	2	1	1	1	1	1	1	1	1	1	1																							0
	132	8.505727	1	1	2	1	1	5	1	1	1	1	1	1	2	1	1	1	1	1	1	1	1	1	1					46																		0
	133	8.543717	1	1	2	1	1	6	1	1	1	1	1	1	2	1	1	1	1	1	1	1	1	1	1																							0
	134	9.021609	1	1	2	1	1	6	1	1	1	1	1	1	2	1	0	1	1	1	1	1	1	1	1														29									0
	135	9.307172	1	1	2	1	1	6	1	1	1	1	1	1	2	1	1	1	1	1	1	1	1	1	1																							0
	136	9.321453	1	1	2	1	1	6	1	1	1	1	1	1	2	1	1	1	1	1	1	0	1	1	1																			15				0
	137	9.366391	1	1	2	1	1	5	1	1	1	1	1	1	2	1	1	1	1	1	1	0	1	1	1					29														15				0
	138	9.591897	1	1	2	1	1	5	1	1	1	1	1	1	2	1	1	1	1	1	1	1	1	1	1					29																		0
	139	9.693421	1	1	2	1	1	4	1	1	1	1	1	1	2	1	1	1	1	1	1	1	1	1	1					15,29																		0
	140	9.861831	1	1	2	1	1	5	1	1	1	1	1	1	2	1	1	1	1	1	1	1	1	1	1					15																		0
																										